Clp0006I 0  Obj 0 Primal inf 399.99996 (400) Dual inf 1101540 (40000)
Clp0006I 200  Obj -25265 Primal inf 3779 (368)
Clp0006I 303  Obj -10033 Primal inf 1654 (348)
Clp0006I 387  Obj -10010 Primal inf 1641 (348)
Clp0006I 452  Obj -10010 Primal inf 2063 (340)
Clp0006I 514  Obj -10010 Primal inf 1438 (335)
Clp0006I 619  Obj -10010 Primal inf 1420 (318)
Clp0006I 708  Obj -10004 Primal inf 1009 (302)
Clp0006I 791  Obj -10004 Primal inf 652.99997 (268)
Clp0006I 867  Obj -10001 Primal inf 443.99998 (247)
Clp0006I 946  Obj -9997 Primal inf 284.99998 (198)
Clp0006I 1028  Obj -9996 Primal inf 250.99999 (143)
Clp0006I 1107  Obj -9995 Primal inf 110.99999 (64)
Clp0006I 1179  Obj -9994 Primal inf 11.999999 (11)
Clp0006I 1246  Obj -9994 Primal inf 4.9999995 (5)
Clp0006I 1256  Obj -9994
Clp0000I Optimal - objective value -9994
Clp0000I Optimal - objective value -9994
Node 0 depth 0 unsatisfied 0 sum 0 obj -9994 guess -9994 branching on -1
Clp0000I Optimal - objective value -9994
Cbc0004I Integer solution of -9994 found after 0 iterations and 0 nodes (0.22 seconds)
Cbc0001I Search completed - best objective -9994, took 0 iterations and 0 nodes (0.23 seconds)
Cbc0035I Maximum depth 0, 0 variables fixed on reduced cost
Clp0000I Optimal - objective value -9994
Clp0000I Optimal - objective value -9994
x_152 = 1
x_274 = 1
x_442 = 1
x_668 = 1
x_971 = 1
x_1139 = 1
x_1271 = 1
x_1407 = 1
x_1705 = 1
x_1887 = 1
x_2122 = 1
x_2231 = 1
x_2404 = 1
x_2734 = 1
x_2964 = 1
x_3027 = 1
x_3393 = 1
x_3437 = 1
x_3758 = 1
x_3930 = 1
x_4010 = 1
x_4308 = 1
x_4506 = 1
x_4743 = 1
x_4895 = 1
x_5016 = 1
x_5267 = 1
x_5580 = 1
x_5768 = 1
x_5992 = 1
x_6006 = 1
x_6379 = 1
x_6451 = 1
x_6796 = 1
x_6936 = 1
x_7187 = 1
x_7309 = 1
x_7556 = 1
x_7691 = 1
x_7983 = 1
x_8038 = 1
x_8378 = 1
x_8428 = 1
x_8715 = 1
x_8898 = 1
x_9011 = 1
x_9214 = 1
x_9562 = 1
x_9746 = 1
x_9869 = 1
x_10072 = 1
x_10347 = 1
x_10514 = 1
x_10724 = 1
x_10879 = 1
x_11065 = 1
x_11361 = 1
x_11493 = 1
x_11653 = 1
x_11862 = 1
x_12089 = 1
x_12283 = 1
x_12531 = 1
x_12737 = 1
x_12817 = 1
x_13127 = 1
x_13276 = 1
x_13484 = 1
x_13749 = 1
x_13805 = 1
x_14077 = 1
x_14254 = 1
x_14528 = 1
x_14794 = 1
x_14845 = 1
x_15120 = 1
x_15257 = 1
x_15575 = 1
x_15608 = 1
x_15976 = 1
x_16145 = 1
x_16373 = 1
x_16402 = 1
x_16621 = 1
x_16918 = 1
x_17181 = 1
x_17303 = 1
x_17553 = 1
x_17797 = 1
x_17919 = 1
x_18023 = 1
x_18213 = 1
x_18584 = 1
x_18751 = 1
x_18982 = 1
x_19138 = 1
x_19294 = 1
x_19577 = 1
x_19600 = 1
x_19900 = 1
x_20133 = 1
x_20326 = 1
x_20557 = 1
x_20786 = 1
x_20963 = 1
x_21078 = 1
x_21249 = 1
x_21458 = 1
x_21663 = 1
x_21848 = 1
x_22125 = 1
x_22390 = 1
x_22485 = 1
x_22641 = 1
x_22886 = 1
x_23185 = 1
x_23264 = 1
x_23523 = 1
x_23701 = 1
x_23835 = 1
x_24052 = 1
x_24312 = 1
x_24532 = 1
x_24750 = 1
x_24916 = 1
x_25015 = 1
x_25372 = 1
x_25559 = 1
x_25697 = 1
x_25881 = 1
x_26166 = 1
x_26226 = 1
x_26432 = 1
x_26619 = 1
x_26873 = 1
x_27029 = 1
x_27395 = 1
x_27460 = 1
x_27670 = 1
x_27859 = 1
x_28061 = 1
x_28240 = 1
x_28450 = 1
x_28729 = 1
x_28896 = 1
x_29155 = 1
x_29266 = 1
x_29560 = 1
x_29690 = 1
x_29834 = 1
x_30135 = 1
x_30243 = 1
x_30418 = 1
x_30699 = 1
x_30888 = 1
x_31174 = 1
x_31348 = 1
x_31570 = 1
x_31625 = 1
x_31999 = 1
x_32009 = 1
x_32304 = 1
x_32544 = 1
x_32633 = 1
x_32917 = 1
x_33039 = 1
x_33391 = 1
x_33569 = 1
x_33601 = 1
x_33820 = 1
x_34113 = 1
x_34310 = 1
x_34507 = 1
x_34622 = 1
x_34803 = 1
x_35024 = 1
x_35342 = 1
x_35436 = 1
x_35646 = 1
x_35998 = 1
x_36154 = 1
x_36292 = 1
x_36447 = 1
x_36675 = 1
x_36940 = 1
x_37082 = 1
x_37311 = 1
x_37565 = 1
x_37680 = 1
x_37830 = 1
x_38167 = 1
x_38302 = 1
x_38588 = 1
x_38789 = 1
x_38844 = 1
x_39141 = 1
x_39321 = 1
x_39455 = 1
x_39656 = 1
x_39812 = 1
real 0m0,417s user 0m0,385s sys 0m0,032s
