Clp0006I 0  Obj 0 Primal inf 399.99996 (400) Dual inf 1097717 (40000)
Clp0006I 200  Obj -24546 Primal inf 3581 (374)
Clp0006I 311  Obj -10000 Primal inf 1705 (355)
Clp0006I 378  Obj -10000 Primal inf 1436 (346)
Clp0006I 515  Obj -10000 Primal inf 1504 (332)
Clp0006I 571  Obj -10000 Primal inf 1836 (323)
Clp0006I 631  Obj -10000 Primal inf 946.99997 (311)
Clp0006I 732  Obj -10000 Primal inf 1104 (309)
Clp0006I 800  Obj -10000 Primal inf 1419 (287)
Clp0006I 871  Obj -10000 Primal inf 619.99997 (269)
Clp0006I 960  Obj -10000 Primal inf 398.99998 (225)
Clp0006I 1036  Obj -9998 Primal inf 290.99998 (189)
Clp0006I 1120  Obj -9996 Primal inf 130.99999 (87)
Clp0006I 1196  Obj -9995 Primal inf 66.999995 (46)
Clp0006I 1261  Obj -9995 Primal inf 48.999997 (29)
Clp0006I 1290  Obj -9995
Clp0000I Optimal - objective value -9995
Clp0000I Optimal - objective value -9995
Node 0 depth 0 unsatisfied 0 sum 0 obj -9995 guess -9995 branching on -1
Clp0000I Optimal - objective value -9995
Cbc0004I Integer solution of -9995 found after 0 iterations and 0 nodes (0.24 seconds)
Cbc0001I Search completed - best objective -9995, took 0 iterations and 0 nodes (0.25 seconds)
Cbc0035I Maximum depth 0, 0 variables fixed on reduced cost
Clp0000I Optimal - objective value -9995
Clp0000I Optimal - objective value -9995
x_66 = 1
x_399 = 1
x_590 = 1
x_609 = 1
x_898 = 1
x_1153 = 1
x_1252 = 1
x_1462 = 1
x_1747 = 1
x_1865 = 1
x_2122 = 1
x_2223 = 1
x_2404 = 1
x_2611 = 1
x_2829 = 1
x_3100 = 1
x_3333 = 1
x_3555 = 1
x_3764 = 1
x_3857 = 1
x_4136 = 1
x_4215 = 1
x_4571 = 1
x_4635 = 1
x_4808 = 1
x_5091 = 1
x_5282 = 1
x_5469 = 1
x_5640 = 1
x_5911 = 1
x_6045 = 1
x_6213 = 1
x_6591 = 1
x_6628 = 1
x_6910 = 1
x_7019 = 1
x_7230 = 1
x_7572 = 1
x_7738 = 1
x_7942 = 1
x_8132 = 1
x_8251 = 1
x_8475 = 1
x_8782 = 1
x_8951 = 1
x_9093 = 1
x_9238 = 1
x_9570 = 1
x_9780 = 1
x_9974 = 1
x_10167 = 1
x_10205 = 1
x_10406 = 1
x_10725 = 1
x_10825 = 1
x_11166 = 1
x_11341 = 1
x_11595 = 1
x_11614 = 1
x_11834 = 1
x_12112 = 1
x_12349 = 1
x_12474 = 1
x_12759 = 1
x_12833 = 1
x_13094 = 1
x_13309 = 1
x_13426 = 1
x_13676 = 1
x_13985 = 1
x_14032 = 1
x_14396 = 1
x_14550 = 1
x_14602 = 1
x_14998 = 1
x_15058 = 1
x_15259 = 1
x_15554 = 1
x_15661 = 1
x_15930 = 1
x_16104 = 1
x_16326 = 1
x_16420 = 1
x_16724 = 1
x_16902 = 1
x_17113 = 1
x_17386 = 1
x_17410 = 1
x_17748 = 1
x_17884 = 1
x_18145 = 1
x_18394 = 1
x_18450 = 1
x_18765 = 1
x_18944 = 1
x_19060 = 1
x_19376 = 1
x_19439 = 1
x_19689 = 1
x_19822 = 1
x_20118 = 1
x_20255 = 1
x_20473 = 1
x_20644 = 1
x_20923 = 1
x_21137 = 1
x_21270 = 1
x_21506 = 1
x_21653 = 1
x_21872 = 1
x_22036 = 1
x_22389 = 1
x_22486 = 1
x_22679 = 1
x_22957 = 1
x_23007 = 1
x_23212 = 1
x_23496 = 1
x_23656 = 1
x_23801 = 1
x_24140 = 1
x_24297 = 1
x_24485 = 1
x_24707 = 1
x_24952 = 1
x_25193 = 1
x_25254 = 1
x_25468 = 1
x_25758 = 1
x_25916 = 1
x_26187 = 1
x_26327 = 1
x_26416 = 1
x_26664 = 1
x_26960 = 1
x_27188 = 1
x_27335 = 1
x_27573 = 1
x_27781 = 1
x_27867 = 1
x_28047 = 1
x_28277 = 1
x_28517 = 1
x_28637 = 1
x_28824 = 1
x_29192 = 1
x_29379 = 1
x_29446 = 1
x_29648 = 1
x_29968 = 1
x_30119 = 1
x_30280 = 1
x_30584 = 1
x_30692 = 1
x_30908 = 1
x_31090 = 1
x_31288 = 1
x_31478 = 1
x_31763 = 1
x_31821 = 1
x_32095 = 1
x_32299 = 1
x_32597 = 1
x_32641 = 1
x_32956 = 1
x_33129 = 1
x_33287 = 1
x_33417 = 1
x_33720 = 1
x_33831 = 1
x_34071 = 1
x_34263 = 1
x_34528 = 1
x_34649 = 1
x_34961 = 1
x_35027 = 1
x_35283 = 1
x_35577 = 1
x_35703 = 1
x_35842 = 1
x_36043 = 1
x_36203 = 1
x_36515 = 1
x_36618 = 1
x_36975 = 1
x_37114 = 1
x_37281 = 1
x_37578 = 1
x_37746 = 1
x_37921 = 1
x_38162 = 1
x_38331 = 1
x_38543 = 1
x_38600 = 1
x_38983 = 1
x_39101 = 1
x_39305 = 1
x_39569 = 1
x_39734 = 1
x_39939 = 1
real 0m0,422s user 0m0,392s sys 0m0,029s
